Performance on Test Data:
AUC: 0.7800677563288425
Accuracy: 0.6683720706530234
Precision: 0.6027185235175024
Recall: 0.9879519520963844
F1 Score: 0.7486867343080126
