Performance on Test Data:
AUC: 0.8877895861560189
Accuracy: 0.8120288095037695
Precision: 0.7281623394321989
Recall: 0.9958156480334748
F1 Score: 0.8412119611587372
