Performance on Test Data:
AUC: 0.7828341906812586
Accuracy: 0.681736746546106
Precision: 0.6112153521261487
Recall: 0.9987855760097154
F1 Score: 0.7583512119413885
