Performance on Test Data:
AUC: 0.6559495861506631
Accuracy: 0.6301365890438767
Precision: 0.7636380737396539
Recall: 0.6775431861804223
F1 Score: 0.7180190139288083
