Performance on Test Data:
AUC: 0.6664863905683125
Accuracy: 0.6671113302206885
Precision: 0.7536667614675172
Recall: 0.7740131853459067
F1 Score: 0.7637044813602586
