Performance on Test Data:
AUC: 0.6605804333864594
Accuracy: 0.615143693994142
Precision: 0.7776047344650366
Recall: 0.6250104314445465
F1 Score: 0.6930070091836499
